image: map.pgm
resolution: 0.040000
origin: [-16.800, -15.800000, 0.000]
negate: 0
occupied_thresh: 0.65
free_thresh: 0.196
