D1: [2.014834, -0.936462, 3.087040]
S1: [5.171718, 0.285327, -0.068812]
S2: [5.539708, -0.418842, -0.060018]
S3: [5.095395, -1.003563, -0.120805]
EXIT: [0.492400, 0.000559, 0.011242]
