S2: [5.503532, -0.687842, -0.168857]
S1: [5.623676, 0.129639, -0.168857]
S3: [5.380675, -1.467933, -0.168857]
T1: [4.684535, -1.169712, -0.157349]
T3: [4.066039, -0.532458, -0.128379]
T2: [4.818698, 0.062647, -0.144057]
T4: [3.268589, -0.433106, -0.161873]
T6: [2.982135, 0.326189, -0.158132]
T5: [2.764673, -0.989670, -0.168589]
T7: [1.941922, -0.242865, -1.704487]
D2: [1.729821, -0.953583,  3.028608]
D1: [1.993323, 0.641563,  3.028608]
EXIT: [0.100457, -0.029478, 3.056683]
