#[cardinal direction: theta]
N: 1.423389
E: -0.168857
S: -1.695964
W: 3.028608
